50000	0.7599594
100000	0.76750076
150000	0.77833362
200000	0.78756516
250000	0.78628548
300000	0.8185824
350000	0.86478394
400000	0.90026954
450000	0.97494194
500000	1.08120394
550000	1.27863416
600000	1.32331058
650000	1.32670942
700000	1.3498665
750000	1.3474642
800000	1.3384895
850000	1.36546318
900000	1.3454141
950000	1.36001994
1000000	1.32510762
1050000	1.28528224
1100000	1.26016048
1150000	1.27642222
1200000	1.217324
1250000	1.20350276
1300000	1.14471126
1350000	1.16413762
1400000	1.06705432
1450000	1.09732408
1500000	1.11566966
1550000	1.066643
1600000	1.04074932
1650000	1.03896202
1700000	1.05484576
1750000	1.06017402
1800000	1.018945
1850000	1.01958842
1900000	1.01284698
1950000	1.07355816
2000000	1.08908984
2050000	1.1049708
2100000	1.07028214
2150000	1.08153752
2200000	1.05451044
2250000	1.1028022
2300000	1.02551016
2350000	1.05204472
2400000	1.03610878
2450000	1.04457516
2500000	1.04256654
2550000	1.04442644
2600000	1.10977298
2650000	1.1246357
2700000	1.12840544
2750000	1.08739034
2800000	1.12631476
2850000	1.15279072
2900000	1.02114606
2950000	0.97579094
3000000	1.0118286
3050000	1.03584932
3100000	1.0681648
3150000	1.04300238
3200000	1.08497976
3250000	1.00295126
3300000	1.11499376
3350000	1.19188344
3400000	1.19600846
3450000	1.15489952
3500000	1.24412728
3550000	1.14272658
3600000	1.12038088
3650000	1.16958156
3700000	1.13458488
3750000	1.14687756
3800000	1.20865918
3850000	1.14896934
3900000	1.1917043
3950000	1.2072259
4000000	1.19202814
4050000	1.3566443
4100000	1.34013538
4150000	1.17229812
4200000	1.1723004
4250000	1.2479088
4300000	1.2820928
4350000	1.15327332
4400000	1.18482908
4450000	1.1224212
4500000	1.16342346
4550000	1.26892634
4600000	1.11426302
4650000	1.11125022
4700000	1.18205896
4750000	1.24344976
4800000	1.20791124
4850000	1.1811134
4900000	1.20531208
4950000	1.29821582
5000000	1.18535178
5050000	1.17184412
5100000	1.14987366
5150000	1.2366191
5200000	1.21621612
5250000	1.19249138
5300000	1.13275142
5350000	1.18440074
5400000	1.23857028
5450000	1.2132494
5500000	1.21623686
5550000	1.14073714
5600000	1.14744892
5650000	1.25761268
5700000	1.2655671
5750000	1.35350048
5800000	1.20082588
5850000	1.13902104
5900000	1.17630428
5950000	1.149585
6000000	1.26662012
6050000	1.4632025
6100000	1.38518768
6150000	1.23564412
6200000	1.3124919
6250000	1.40240498
6300000	1.37212176
6350000	1.34185626
6400000	1.36321474
6450000	1.42119992
6500000	1.50903402
6550000	1.44378026
6600000	1.42665702
6650000	1.33678024
6700000	1.2592663
6750000	1.4302596
6800000	1.36256472
6850000	1.4030166
6900000	1.4241493
6950000	1.34704154
7000000	1.4655706
7050000	1.36030808
7100000	1.3982191
7150000	1.45789196
7200000	1.39195864
7250000	1.3592336
7300000	1.38789928
7350000	1.32472204
7400000	1.3722127
7450000	1.26294724
7500000	1.40439996
7550000	1.3419001
7600000	1.40017376
7650000	1.57011406
7700000	1.43933846
7750000	1.46271046
7800000	1.5516425
7850000	1.48470804
7900000	1.62402338
7950000	1.6981786
8000000	1.81961276
8050000	1.81122702
8100000	1.71038442
8150000	1.7413465
8200000	1.8134933
8250000	1.9140425
8300000	2.0551477
8350000	2.05444962
8400000	2.02635632
8450000	1.98604072
8500000	2.14285322
8550000	2.02092004
8600000	2.48969426
8650000	2.57697936
8700000	2.5690691
8750000	2.58221586
8800000	2.56936776
8850000	2.31883692
8900000	2.58120388
8950000	1.92009878
9000000	2.44522866
9050000	2.9776608
9100000	2.86205922
9150000	2.91189886
9200000	3.05408374
9250000	2.60452524
9300000	3.30346666
9350000	2.98839786
9400000	2.95461452
9450000	3.08643896
9500000	3.04851678
9550000	3.4074831
9600000	3.16512188
9650000	3.38390996
9700000	3.35218402
9750000	3.40591498
9800000	3.810986
9850000	3.56058316
9900000	3.72444488
9950000	3.62184594
10000000	4.22327192
10050000	4.0846893
10100000	4.129118
10150000	4.2570092
10200000	4.20368542
10250000	4.40965132
10300000	3.90803868
10350000	3.68000078
10400000	4.42474152
10450000	3.20227438
10500000	3.90765664
10550000	4.28536154
10600000	4.35634452
10650000	4.21563236
10700000	4.4699464
10750000	4.26243668
10800000	4.83440572
10850000	5.0099056
10900000	4.73718836
10950000	4.98257308
11000000	4.97202508
11050000	5.40958876
11100000	4.74842174
11150000	5.3605493
11200000	5.21149074
11250000	5.36955112
11300000	5.94759514
11350000	5.62419878
11400000	5.94566188
11450000	10.05228874
11500000	10.29564246
11550000	9.0355084
11600000	8.62605346
11650000	8.17248082
11700000	8.03497978
11750000	8.36612006
11800000	7.46683776
11850000	6.86225624
11900000	7.98454782
11950000	6.42921664
12000000	6.69081064
12050000	6.9934853
12100000	7.65530424
12150000	6.9224127
12200000	7.53794636
12250000	7.29713192
12300000	8.74742586
12350000	7.91266526
12400000	7.8430898
12450000	7.6715554
12500000	7.47417082
12550000	7.91072516
12600000	7.25821774
12650000	7.32525208
12700000	6.92824396
12750000	7.39819608
12800000	8.00506696
12850000	7.53437628
12900000	7.43567858
12950000	6.953923
13000000	8.03908824
13050000	7.60112578
13100000	7.72636902
13150000	7.36470088
13200000	7.69169264
13250000	7.60713194
13300000	7.28344888
13350000	6.50933358
13400000	7.31112074
13450000	5.96875768
13500000	6.31309588
13550000	6.64305828
13600000	7.0521004
13650000	6.43201248
13700000	7.25283616
13750000	6.76518232
13800000	8.09774946
13850000	7.45478626
13900000	7.29941876
13950000	7.57287542
14000000	7.17609518
14050000	7.80560444
14100000	7.09612558
14150000	7.40464654
14200000	6.97514776
14250000	7.01639398
14300000	7.43365108
14350000	7.42324036
14400000	7.2651309
14450000	7.04612242
14500000	8.13369366
14550000	7.81075264
14600000	7.61786062
14650000	7.54299814
14700000	7.73020588
14750000	8.16584294
14800000	7.52635454
14850000	6.83506434
14900000	7.98937558
14950000	6.66063998
15000000	6.42989214
15050000	6.74494264
15100000	7.05606422
15150000	6.58098946
15200000	7.34159704
15250000	6.87085874
15300000	8.14640442
15350000	7.62450842
15400000	7.83599976
15450000	7.46006216
15500000	7.57168202
15550000	8.18009202
15600000	7.36447244
15650000	7.55388532
15700000	7.21690498
15750000	7.22899378
15800000	8.09069934
15850000	8.05643014
15900000	7.82415058
15950000	7.3415193
16000000	8.33749754
16050000	7.96202222
16100000	8.59204322
16150000	8.44941852
16200000	8.32233102
16250000	8.38482522
16300000	8.0812529
16350000	7.55437446
16400000	8.35421246
16450000	6.70680746
16500000	7.18673064
16550000	7.9466651
16600000	7.93666608
16650000	7.49355498
16700000	8.51542128
16750000	8.19689644
16800000	9.04692718
16850000	8.49514546
16900000	8.70984912
16950000	8.45133358
17000000	8.4461501
17050000	8.86783548
17100000	8.0181885
17150000	8.56974176
17200000	8.11293874
17250000	8.2389393
17300000	8.95730982
17350000	8.99380964
17400000	8.50869606
17450000	7.8799989
17500000	9.15374612
17550000	8.48605616
17600000	8.52465066
17650000	8.86875518
17700000	8.78269886
17750000	9.03620858
17800000	8.51862624
17850000	7.71527356
17900000	8.58456342
17950000	7.22190256
18000000	7.7711843
18050000	8.52322416
18100000	8.52696454
18150000	8.21811852
18200000	9.1049111
18250000	8.4821362
18300000	9.69882834
18350000	9.06405558
18400000	8.80980286
18450000	8.89604622
18500000	8.59012232
18550000	9.05478362
18600000	8.681898
18650000	8.74298338
18700000	8.37113752
18750000	8.37821352
18800000	9.13577476
18850000	8.70938228
18900000	8.94167412
18950000	8.1824989
19000000	9.18147344
19050000	8.98708218
19100000	9.49045916
19150000	9.13569678
19200000	9.05787644
19250000	9.22969342
19300000	8.46898286
19350000	7.87957242
19400000	9.2211152
19450000	7.90759892
19500000	8.23726588
19550000	8.89855752
19600000	8.77111676
19650000	8.07205362
19700000	8.78525432
19750000	8.5421365
19800000	9.6695938
19850000	9.37844638
19900000	9.34820838
19950000	9.23783482
20000000	9.0846559
