50000	0.75570878
100000	0.7129641
150000	0.74831892
200000	0.77746664
250000	0.74309114
300000	0.76383734
350000	0.83975738
400000	0.868272
450000	1.0118864
500000	1.1419855
550000	1.20362464
600000	1.25754848
650000	1.23042714
700000	1.29259332
750000	1.27038286
800000	1.30453044
850000	1.383481
900000	1.38797806
950000	1.31103982
1000000	1.30691142
1050000	1.32843606
1100000	1.32440322
1150000	1.25756028
1200000	1.25224786
1250000	1.23032312
1300000	1.28339398
1350000	1.25498988
1400000	1.19155742
1450000	1.1494011
1500000	1.13860888
1550000	1.12891242
1600000	1.1452326
1650000	1.06183942
1700000	1.03621622
1750000	0.99129626
1800000	1.02187226
1850000	1.05957666
1900000	0.97969218
1950000	1.1414116
2000000	1.09993274
2050000	1.1351318
2100000	1.0658788
2150000	1.04815966
2200000	1.0486299
2250000	1.06850164
2300000	1.03799786
2350000	1.06340496
2400000	1.05721646
2450000	1.06403846
2500000	1.14047726
2550000	1.06472126
2600000	1.1324913
2650000	1.13116348
2700000	1.16659186
2750000	1.20021792
2800000	1.13373842
2850000	1.04092038
2900000	1.05102482
2950000	1.01955718
3000000	0.98678878
3050000	1.02691314
3100000	1.00591278
3150000	1.01401214
3200000	1.01739222
3250000	1.02201522
3300000	1.03715672
3350000	1.0481615
3400000	1.12843984
3450000	1.1636463
3500000	1.09892522
3550000	1.2589946
3600000	1.10691018
3650000	1.2184541
3700000	1.23060216
3750000	1.15575628
3800000	1.20943076
3850000	1.26049722
3900000	1.20214638
3950000	1.22946686
4000000	1.21061474
4050000	1.2174125
4100000	1.34567706
4150000	1.18833828
4200000	1.29199438
4250000	1.2137574
4300000	1.18580192
4350000	1.22496028
4400000	1.1489181
4450000	1.12570604
4500000	1.22638824
4550000	1.1633096
4600000	1.15814004
4650000	1.18013762
4700000	1.23987794
4750000	1.21304396
4800000	1.15172664
4850000	1.25533154
4900000	1.25580836
4950000	1.26008682
5000000	1.15281432
5050000	1.15158268
5100000	1.19676182
5150000	1.25797634
5200000	1.27063472
5250000	1.2655847
5300000	1.24701238
5350000	1.25266956
5400000	1.16047668
5450000	1.10867334
5500000	1.16051428
5550000	1.09537534
5600000	1.18245166
5650000	1.27967622
5700000	1.21239148
5750000	1.1468347
5800000	1.1471764
5850000	1.19545338
5900000	1.40179012
5950000	1.28437396
6000000	1.3258647
6050000	1.24810438
6100000	1.30823354
6150000	1.36110908
6200000	1.43689376
6250000	1.47535092
6300000	1.4356934
6350000	1.59788396
6400000	1.51820214
6450000	1.8080618
6500000	1.86233258
6550000	1.91911498
6600000	1.91791594
6650000	2.05336176
6700000	2.07116882
6750000	2.03959956
6800000	2.74080346
6850000	2.5370074
6900000	2.45270996
6950000	2.48425478
7000000	3.05033388
7050000	2.80530502
7100000	2.9939418
7150000	3.11414936
7200000	2.71986796
7250000	2.98951044
7300000	2.67242736
7350000	2.22824214
7400000	2.85223844
7450000	2.18908056
7500000	3.05741586
7550000	3.31552682
7600000	3.465593
7650000	3.21459576
7700000	3.42458188
7750000	2.9007426
7800000	3.2840395
7850000	3.24582224
7900000	3.30981668
7950000	3.47947172
8000000	3.35948584
8050000	3.24776108
8100000	3.45632202
8150000	3.5185125
8200000	3.43123382
8250000	3.29413382
8300000	3.80184064
8350000	3.42118752
8400000	3.40298674
8450000	3.54958666
8500000	3.92943658
8550000	3.59500674
8600000	3.393035
8650000	3.60240546
8700000	3.71813442
8750000	3.56758678
8800000	3.33486036
8850000	3.04537812
8900000	3.51896906
8950000	2.69618188
9000000	3.02108752
9050000	3.69566658
9100000	3.890094
9150000	3.69894034
9200000	3.7304535
9250000	3.58512684
9300000	4.02171894
9350000	3.87308174
9400000	3.99082644
9450000	3.9718721
9500000	4.15742132
9550000	4.2805847
9600000	4.07563854
9650000	4.41923092
9700000	4.28099236
9750000	4.29475368
9800000	4.50405058
9850000	4.2807658
9900000	4.59877082
9950000	4.2934129
10000000	4.96660982
