50000	0.35931794
100000	0.36282846
150000	0.36113006
200000	0.3733703
250000	0.37206966
300000	0.38973846
350000	0.44090394
400000	0.4766231
450000	0.50823178
500000	0.56735302
550000	0.63195828
600000	0.65809422
650000	0.66058744
700000	0.66218194
750000	0.66196138
800000	0.6692028
850000	0.65404656
900000	0.66040348
950000	0.65555774
1000000	0.62712734
1050000	0.60627006
1100000	0.60045542
1150000	0.59371566
1200000	0.58526322
1250000	0.58003644
1300000	0.54705442
1350000	0.508322
1400000	0.49469068
1450000	0.50848306
1500000	0.48109226
1550000	0.45358134
1600000	0.44751732
1650000	0.43728912
1700000	0.41270702
1750000	0.4173617
1800000	0.42533106
1850000	0.44554688
1900000	0.45062128
1950000	0.47200988
2000000	0.4641046
2050000	0.46705246
2100000	0.4359651
2150000	0.44210586
2200000	0.45999746
2250000	0.46546048
2300000	0.44510066
2350000	0.46160756
2400000	0.4729635
2450000	0.48034032
2500000	0.47832798
2550000	0.4837663
2600000	0.5024229
2650000	0.51705746
2700000	0.49372976
2750000	0.48872224
2800000	0.53077142
2850000	0.47720632
2900000	0.45514278
2950000	0.4602939
3000000	0.48158092
3050000	0.4573205
3100000	0.47898678
3150000	0.44663606
3200000	0.47598808
3250000	0.4656465
3300000	0.49711718
3350000	0.52513904
3400000	0.5325794
3450000	0.53337362
3500000	0.52515626
3550000	0.51405516
3600000	0.54968568
3650000	0.52147058
3700000	0.5022516
3750000	0.49041398
3800000	0.55592144
3850000	0.51620246
3900000	0.52165764
3950000	0.55755498
4000000	0.55100668
4050000	0.55421386
4100000	0.56955108
4150000	0.59106246
4200000	0.60098248
4250000	0.51910796
4300000	0.5314623
4350000	0.50898872
4400000	0.49485162
4450000	0.4905942
4500000	0.4866582
4550000	0.4700743
4600000	0.47806884
4650000	0.47112864
4700000	0.47574454
4750000	0.52415192
4800000	0.55535476
4850000	0.50014998
4900000	0.49997932
4950000	0.52988596
5000000	0.49802178
5050000	0.51454736
5100000	0.49905398
5150000	0.47819758
5200000	0.50800236
5250000	0.4889364
5300000	0.47957036
5350000	0.46335286
5400000	0.49140276
5450000	0.46884868
5500000	0.46641648
5550000	0.47276648
5600000	0.50169214
5650000	0.48429546
5700000	0.48920792
5750000	0.50098786
5800000	0.49117458
5850000	0.48291236
5900000	0.47905366
5950000	0.54881148
6000000	0.48590644
6050000	0.5465796
6100000	0.52070306
6150000	0.52408068
6200000	0.53382254
6250000	0.5336868
6300000	0.54570718
6350000	0.55413438
6400000	0.52634836
6450000	0.5666148
6500000	0.53627252
6550000	0.5525386
6600000	0.53727112
6650000	0.58618212
6700000	0.50502994
6750000	0.5176576
6800000	0.5108443
6850000	0.54286492
6900000	0.52050098
6950000	0.52971558
7000000	0.55143908
7050000	0.52968426
7100000	0.54056728
7150000	0.54475742
7200000	0.5608438
7250000	0.55678268
7300000	0.56339368
7350000	0.6455501
7400000	0.61485786
7450000	0.55073018
7500000	0.5386797
7550000	0.53555468
7600000	0.54516972
7650000	0.53095696
7700000	0.51459218
7750000	0.55701844
7800000	0.52899206
7850000	0.549474
7900000	0.56165142
7950000	0.5626744
8000000	0.5368501
8050000	0.56952328
8100000	0.5606849
8150000	0.55732244
8200000	0.576288
8250000	0.6124242
8300000	0.57020542
8350000	0.5978384
8400000	0.55583152
8450000	0.5425995
8500000	0.58374266
8550000	0.56448158
8600000	0.66783204
8650000	0.5741441
8700000	0.58183042
8750000	0.58157788
8800000	0.56434714
8850000	0.53076306
8900000	0.52440766
8950000	0.51076252
9000000	0.50999412
9050000	0.59879512
9100000	0.54925378
9150000	0.51364646
9200000	0.53201292
9250000	0.61034272
9300000	0.54412542
9350000	0.56896058
9400000	0.55393414
9450000	0.57551038
9500000	0.62961838
9550000	0.55360436
9600000	0.53789012
9650000	0.5470901
9700000	0.53176986
9750000	0.5529283
9800000	0.5502891
9850000	0.5677786
9900000	0.56670828
9950000	0.54375354
10000000	0.57489578
10050000	0.56187784
10100000	0.61816592
10150000	0.61095858
10200000	0.59265258
10250000	0.61236654
10300000	0.57410006
10350000	0.5465219
10400000	0.5428148
10450000	0.55052502
10500000	0.52306822
10550000	0.52428544
10600000	0.55789944
10650000	0.55117348
10700000	0.56325032
10750000	0.5488375
10800000	0.5599002
10850000	0.59060248
10900000	0.5639167
10950000	0.58183476
11000000	0.57554436
11050000	0.58211022
11100000	0.57114854
11150000	0.5756843
11200000	0.5545597
11250000	0.57675952
11300000	0.61797242
11350000	0.59833668
11400000	0.67483126
11450000	0.62681478
11500000	0.6565418
11550000	0.65132734
11600000	0.66228068
11650000	0.6319724
11700000	0.64315206
11750000	0.6397558
11800000	0.59140448
11850000	0.59396384
11900000	0.6496615
11950000	0.57335928
12000000	0.59253356
12050000	0.60033756
12100000	0.64650666
12150000	0.57995204
12200000	0.57068228
12250000	0.6923017
12300000	0.68826682
12350000	0.57142174
12400000	0.60161028
12450000	0.5865402
12500000	0.54834348
12550000	0.62453154
12600000	0.5646963
12650000	0.58909094
12700000	0.57916478
12750000	0.65168592
12800000	0.66323722
12850000	0.5879329
12900000	0.57373896
12950000	0.56443246
13000000	0.64697344
13050000	0.64748938
13100000	0.65575346
13150000	0.58003568
13200000	0.61388082
13250000	0.63208334
13300000	0.62161126
13350000	0.61792832
13400000	0.54018466
13450000	0.52907622
13500000	0.52658002
13550000	0.52958942
13600000	0.56622986
13650000	0.53166522
13700000	0.55745638
13750000	0.58754906
13800000	0.6416694
13850000	0.58027888
13900000	0.57695524
13950000	0.58635552
14000000	0.57102848
14050000	0.5654584
14100000	0.54496438
14150000	0.55434844
14200000	0.58188378
14250000	0.59510348
14300000	0.58737184
14350000	0.61421924
14400000	0.57881686
14450000	0.56925732
14500000	0.58175304
14550000	0.5689009
14600000	0.5617685
14650000	0.58291708
14700000	0.56820322
14750000	0.65351966
14800000	0.5486238
14850000	0.51553892
14900000	0.57612752
14950000	0.5295036
15000000	0.5230954
15050000	0.54561666
15100000	0.5423647
15150000	0.56527942
15200000	0.57427512
15250000	0.5951872
15300000	0.61873534
15350000	0.5734828
15400000	0.60638634
15450000	0.5889937
15500000	0.58049532
15550000	0.5839258
15600000	0.60234854
15650000	0.57857914
15700000	0.54374064
15750000	0.54658786
15800000	0.6360402
15850000	0.6392225
15900000	0.60534636
15950000	0.57719644
16000000	0.64120142
16050000	0.66056154
16100000	0.69114828
16150000	0.71723282
16200000	0.62410872
16250000	0.62102642
16300000	0.58464224
16350000	0.58987856
16400000	0.60256064
16450000	0.57965134
16500000	0.54119676
16550000	0.56962256
16600000	0.61247372
16650000	0.5616247
16700000	0.57772274
16750000	0.65672174
16800000	0.6264518
16850000	0.63953966
16900000	0.69200918
16950000	0.63065662
17000000	0.58933674
17050000	0.6220327
17100000	0.59408442
17150000	0.60963046
17200000	0.5969424
17250000	0.62670006
17300000	0.60337098
17350000	0.61346276
17400000	0.57613654
17450000	0.58451242
17500000	0.61927498
17550000	0.59850526
17600000	0.60651766
17650000	0.63087464
17700000	0.6064237
17750000	0.61126072
17800000	0.68582914
17850000	0.5989099
17900000	0.56345584
17950000	0.5725568
18000000	0.5346026
18050000	0.61334076
18100000	0.58745372
18150000	0.56375608
18200000	0.60060944
18250000	0.63143598
18300000	0.65138514
18350000	0.59538224
18400000	0.60801654
18450000	0.64408702
18500000	0.59355532
18550000	0.56868986
18600000	0.55588076
18650000	0.59154126
18700000	0.58291738
18750000	0.58539692
18800000	0.595528
18850000	0.59019522
18900000	0.58090516
18950000	0.57599798
19000000	0.62642908
19050000	0.60982696
19100000	0.59035392
19150000	0.59950186
19200000	0.62564674
19250000	0.60348624
19300000	0.58532316
19350000	0.57104302
19400000	0.61154402
19450000	0.57988508
19500000	0.52712352
19550000	0.55609252
19600000	0.54548036
19650000	0.56235658
19700000	0.589613
19750000	0.62716908
19800000	0.6431295
19850000	0.62134562
19900000	0.64450418
19950000	0.64085566
20000000	0.58117172
