50000	0.360281
100000	0.36538884
150000	0.36446346
200000	0.37111428
250000	0.3771232
300000	0.39482304
350000	0.41534434
400000	0.45854196
450000	0.50800746
500000	0.56483924
550000	0.61728234
600000	0.6119442
650000	0.6121619
700000	0.60539586
750000	0.62639234
800000	0.63917164
850000	0.69760668
900000	0.66887504
950000	0.6218623
1000000	0.63649654
1050000	0.6385856
1100000	0.6248162
1150000	0.59636018
1200000	0.5999093
1250000	0.58954026
1300000	0.60723926
1350000	0.58817834
1400000	0.52696914
1450000	0.52354134
1500000	0.48963934
1550000	0.48082928
1600000	0.44429566
1650000	0.43305616
1700000	0.40949062
1750000	0.41437434
1800000	0.4403591
1850000	0.43499214
1900000	0.42862178
1950000	0.45573938
2000000	0.45377174
2050000	0.44699056
2100000	0.43403034
2150000	0.44855832
2200000	0.4585889
2250000	0.47033152
2300000	0.4521758
2350000	0.49647308
2400000	0.47752
2450000	0.48606552
2500000	0.51025462
2550000	0.49264076
2600000	0.49673224
2650000	0.53756756
2700000	0.51081914
2750000	0.51324808
2800000	0.46734566
2850000	0.4594111
2900000	0.4983769
2950000	0.4457048
3000000	0.4597137
3050000	0.45973428
3100000	0.457453
3150000	0.45344018
3200000	0.45285776
3250000	0.47648904
3300000	0.46927768
3350000	0.48562008
3400000	0.49557894
3450000	0.5216165
3500000	0.50354802
3550000	0.54018598
3600000	0.50106528
3650000	0.52662406
3700000	0.50921704
3750000	0.49338656
3800000	0.4907655
3850000	0.49745568
3900000	0.51067736
3950000	0.51706294
4000000	0.526147
4050000	0.54452304
4100000	0.58427208
4150000	0.52386716
4200000	0.56317976
4250000	0.52428606
4300000	0.53603308
4350000	0.50590252
4400000	0.49549764
4450000	0.54083698
4500000	0.53501334
4550000	0.53799532
4600000	0.57313448
4650000	0.49369998
4700000	0.51685152
4750000	0.4962962
4800000	0.49955206
4850000	0.54386318
4900000	0.50465416
4950000	0.52292542
5000000	0.48476624
5050000	0.5068908
5100000	0.49459992
5150000	0.53726866
5200000	0.49672272
5250000	0.49711404
5300000	0.4877056
5350000	0.50406488
5400000	0.4740379
5450000	0.4758194
5500000	0.479619
5550000	0.4907794
5600000	0.48558554
5650000	0.49174084
5700000	0.4990461
5750000	0.50805302
5800000	0.4956374
5850000	0.50645342
5900000	0.52266006
5950000	0.55642862
6000000	0.48695058
6050000	0.50627454
6100000	0.53842046
6150000	0.5006737
6200000	0.51691192
6250000	0.52039318
6300000	0.6101108
6350000	0.5273521
6400000	0.5408444
6450000	0.54800278
6500000	0.56194706
6550000	0.54454964
6600000	0.50709898
6650000	0.50096236
6700000	0.522881
6750000	0.51855368
6800000	0.53352416
6850000	0.53722818
6900000	0.51276114
6950000	0.50426606
7000000	0.57544144
7050000	0.52829786
7100000	0.5245267
7150000	0.5320976
7200000	0.53512982
7250000	0.58411688
7300000	0.52733886
7350000	0.55262844
7400000	0.57395132
7450000	0.57490992
7500000	0.53132512
7550000	0.55704798
7600000	0.54449382
7650000	0.53096774
7700000	0.516639
7750000	0.5428944
7800000	0.53717154
7850000	0.56170482
7900000	0.57704022
7950000	0.54774934
8000000	0.54719526
8050000	0.56402248
8100000	0.62569236
8150000	0.58909672
8200000	0.57643148
8250000	0.5498898
8300000	0.64969902
8350000	0.60589298
8400000	0.5654815
8450000	0.56914114
8500000	0.5788234
8550000	0.57069644
8600000	0.59194248
8650000	0.56904756
8700000	0.5510634
8750000	0.55232196
8800000	0.58254228
8850000	0.59447906
8900000	0.58952516
8950000	0.53247346
9000000	0.53115864
9050000	0.53288298
9100000	0.5494483
9150000	0.5904813
9200000	0.53587328
9250000	0.53036802
9300000	0.54610088
9350000	0.56523778
9400000	0.59980858
9450000	0.58912014
9500000	0.58674386
9550000	0.54179856
9600000	0.55220406
9650000	0.54967712
9700000	0.548193
9750000	0.54649422
9800000	0.60480566
9850000	0.5477907
9900000	0.57627204
9950000	0.55220014
10000000	0.59387494
