50000	0.72808158
100000	0.76481366
150000	0.7580325
200000	0.69356474
250000	0.7552403
300000	0.87319136
350000	0.77277848
400000	0.81886776
450000	0.83709742
500000	0.8266447
550000	0.74359032
600000	0.75290724
650000	0.74216086
700000	0.8596189
750000	0.8143273
800000	0.7994738
850000	0.8183209
900000	0.90041212
950000	0.90859924
1000000	1.01833668
1050000	1.0807977
1100000	1.01342432
1150000	1.00797228
1200000	0.89796158
1250000	0.9527313
1300000	0.8487842
1350000	1.04076722
1400000	1.00928316
1450000	0.98077418
1500000	1.09331558
1550000	0.96076102
1600000	1.02900196
1650000	1.01421014
1700000	1.0323771
1750000	1.04940148
1800000	1.0689177
1850000	1.02561408
1900000	1.02799506
1950000	0.95471844
2000000	0.98828204
2050000	1.14797942
2100000	1.1826893
2150000	1.32350956
2200000	1.16926762
2250000	1.1161256
2300000	1.13792508
2350000	1.12803112
2400000	1.0826326
2450000	1.09140734
2500000	1.1401839
2550000	1.09308072
2600000	1.12895494
2650000	1.12624976
2700000	1.15123372
2750000	1.0820236
2800000	1.03462008
2850000	1.04331722
2900000	1.03496234
2950000	0.99881768
3000000	0.9628852
3050000	1.02731224
3100000	1.0157182
3150000	0.9301018
3200000	1.06158826
3250000	1.05902014
3300000	0.98530834
3350000	1.022334
3400000	1.07526236
3450000	1.10704232
3500000	1.06352684
3550000	1.12339676
3600000	1.0923113
3650000	1.1305832
3700000	1.05107874
3750000	1.00273214
3800000	1.00984116
3850000	0.99997186
3900000	1.05861968
3950000	1.04201288
4000000	1.11046586
4050000	1.22244508
4100000	1.19443714
4150000	1.06433998
4200000	1.14625024
4250000	1.05765466
4300000	1.07334482
4350000	1.04668396
4400000	1.0833108
4450000	1.05334154
4500000	0.9886181
4550000	1.0104589
4600000	1.0752319
4650000	1.02814138
4700000	1.02950242
4750000	1.1103606
4800000	1.28241538
4850000	1.358727
4900000	1.1542727
4950000	1.17171834
5000000	1.1333454
5050000	0.97607764
5100000	0.8399644
5150000	0.67536528
5200000	0.67634364
5250000	0.88300914
5300000	0.73296826
5350000	0.71130554
5400000	0.72565984
5450000	0.9727348
5500000	0.68761854
5550000	0.77660674
5600000	0.75494658
5650000	0.95361904
5700000	0.87175458
5750000	0.84443036
5800000	0.79509316
5850000	0.7045967
5900000	0.72577498
5950000	0.76242058
6000000	0.73836438
6050000	0.78747062
6100000	0.69375844
6150000	0.78653446
6200000	0.94504898
6250000	0.65992906
6300000	0.72926416
6350000	0.84258156
6400000	0.8705501
6450000	0.70029262
6500000	0.71824004
6550000	0.67948174
6600000	0.78451752
6650000	0.7793411
6700000	0.77575312
6750000	0.71086366
6800000	0.77039352
6850000	0.65739478
6900000	0.74290712
6950000	0.7301188
7000000	0.89096016
7050000	0.6757869
7100000	0.76887942
7150000	0.70302684
7200000	0.68888312
7250000	0.66938792
7300000	0.70801508
7350000	0.74329096
7400000	0.74025108
7450000	0.84759468
7500000	0.94317856
7550000	0.75250998
7600000	0.85234972
7650000	0.67421074
7700000	0.7414336
7750000	0.64803018
7800000	0.82495294
7850000	0.73811038
7900000	0.6690697
7950000	0.6542232
8000000	0.70385008
8050000	0.73165288
8100000	0.7490685
8150000	0.76222898
8200000	0.74663522
8250000	0.69272172
8300000	0.63952946
8350000	0.73964026
8400000	0.79383906
8450000	0.74714632
8500000	0.65994622
8550000	0.69832046
8600000	0.773883
8650000	0.96358434
8700000	0.79396192
8750000	0.72139114
8800000	0.80524864
8850000	0.81262592
8900000	0.73029108
8950000	0.7443996
9000000	0.68915992
9050000	0.75904904
9100000	0.71063214
9150000	0.80259642
9200000	0.75275778
9250000	0.77583304
9300000	0.74378368
9350000	0.8682439
9400000	0.81440344
9450000	0.72082516
9500000	0.67791672
9550000	0.85649662
9600000	0.79129706
9650000	0.7153683
9700000	0.74840522
9750000	0.68711832
9800000	0.82804192
9850000	0.7395673
9900000	0.69397608
9950000	0.7176063
10000000	0.63284272
