40000	0.627142175
80000	0.677500925
120000	0.68510955
160000	0.662562775
200000	0.723390375
240000	0.786670075
280000	0.912761225
320000	1.157641275
360000	1.1663142
400000	1.29186285
440000	1.134636275
480000	1.201615625
520000	1.159555025
560000	1.1847418
600000	1.1631422
640000	1.22765695
680000	1.171432225
720000	1.19571975
760000	1.177395425
800000	1.1554466
840000	1.122124225
880000	1.1065362
920000	1.115941575
960000	1.028735725
1000000	1.00987805
1040000	1.117830575
1080000	0.96804985
1120000	1.0052946
1160000	0.8719208
1200000	0.8314354
1240000	0.83330835
1280000	0.732361775
1320000	0.778544425
1360000	0.813479375
1400000	0.80031145
1440000	0.77511745
1480000	0.836024125
1520000	0.8405501
1560000	0.807584425
1600000	0.9347303
1640000	0.841734425
1680000	0.9016544
1720000	0.909927775
1760000	0.91008985
1800000	0.9133962
1840000	0.9057086
1880000	0.9738128
1920000	0.943687725
1960000	0.9717436
2000000	1.0069161
2040000	1.003956425
2080000	0.91372555
2120000	0.895336775
2160000	0.95520245
2200000	0.9504397
2240000	1.0610786
2280000	1.088780725
2320000	0.958563525
2360000	0.90744405
2400000	1.012145175
2440000	0.99422105
2480000	0.994829475
2520000	0.958297975
2560000	1.0361661
2600000	1.270363225
2640000	1.027739975
2680000	1.127994375
2720000	0.982609675
2760000	1.1690093
2800000	1.04494245
2840000	0.99638205
2880000	0.982658625
2920000	1.034506575
2960000	0.92242085
3000000	0.912575775
3040000	0.919467875
3080000	0.94798925
3120000	0.932902525
3160000	0.976076975
3200000	1.000474
3240000	1.003822
3280000	0.984012
3320000	1.01390995
3360000	1.038578875
3400000	1.05832155
3440000	1.19897485
3480000	1.1737125
3520000	1.0045765
3560000	1.0712865
3600000	1.066625625
3640000	1.03693175
3680000	1.314076125
3720000	1.015276075
3760000	1.060189675
3800000	1.09569985
3840000	0.995909725
3880000	1.026829225
3920000	0.9934971
3960000	0.909300625
4000000	0.988756075
