40000	0.577357875
80000	0.584311675
120000	0.587662825
160000	0.617219325
200000	0.6135688
240000	0.6373499
280000	0.65186185
320000	0.627465175
360000	0.675816325
400000	0.6592513
440000	0.688439
480000	0.642619975
520000	0.6444614
560000	0.6599351
600000	0.665982825
640000	0.6603485
680000	0.687771325
720000	0.6882702
760000	0.67604795
800000	0.670731775
840000	0.719246
880000	0.70933465
920000	0.66926195
960000	0.68519005
1000000	0.769802925
1040000	0.7411246
1080000	0.833539175
1120000	0.79077525
1160000	0.77198185
1200000	0.779715525
1240000	0.752602575
1280000	0.7385543
1320000	0.767173425
1360000	0.733899025
1400000	0.7626546
1440000	0.79558005
1480000	0.785746375
1520000	0.76075035
1560000	0.861586775
1600000	0.861010225
1640000	0.90083475
1680000	0.927517925
1720000	0.93914555
1760000	1.01462365
1800000	0.99932925
1840000	0.991450475
1880000	0.944583075
1920000	0.9134302
1960000	0.88780065
2000000	0.8883881
2040000	0.870288675
2080000	0.821701175
2120000	0.8518158
2160000	0.8658365
2200000	0.86189145
2240000	0.8741959
2280000	0.99462625
2320000	1.035495125
2360000	1.03990585
2400000	1.0502256
2440000	1.05874945
2480000	1.06304575
2520000	1.0653538
2560000	1.102639425
2600000	1.06186145
2640000	1.03610895
2680000	1.070625825
2720000	1.152467175
2760000	1.149455575
2800000	1.11798125
2840000	1.08777145
2880000	1.103085575
2920000	1.115584575
2960000	1.108892925
3000000	1.07364555
3040000	1.074356025
3080000	1.022274325
3120000	1.006971475
3160000	1.023499625
3200000	1.111938575
3240000	1.1125553
3280000	1.0057682
3320000	1.05591395
3360000	1.1240536
3400000	1.1380645
3440000	1.2644622
3480000	1.040767525
3520000	1.100178825
3560000	1.1648082
3600000	1.1191524
3640000	1.1145944
3680000	1.09096885
3720000	1.05195895
3760000	1.100718775
3800000	1.162367175
3840000	1.179403525
3880000	1.076625875
3920000	1.1290901
3960000	1.055870425
4000000	1.07559185
