40000	0.5646529
80000	0.5330118
120000	0.5949959
160000	0.567114525
200000	0.5569787
240000	0.617361
280000	0.691498175
320000	0.737188975
360000	0.614037825
400000	0.609757
440000	0.639325825
480000	0.571406725
520000	0.555565125
560000	0.54708765
600000	0.5566878
640000	0.5616684
680000	0.662924625
720000	0.67659375
760000	0.5973663
800000	0.68349385
840000	0.63880425
880000	0.670084225
920000	0.582549025
960000	0.568116875
1000000	0.5786882
1040000	0.59737285
1080000	0.59831655
1120000	0.613696675
1160000	0.645550775
1200000	0.612454175
1240000	0.6072735
1280000	0.6151664
1320000	0.627405075
1360000	0.63481835
1400000	0.5863541
1440000	0.60283635
1480000	0.613753525
1520000	0.60495355
1560000	0.574669825
1600000	0.63960765
1640000	0.536090625
1680000	0.616067375
1720000	0.761118975
1760000	0.54799935
1800000	0.566987875
1840000	0.647486625
1880000	0.586174925
1920000	0.649917025
1960000	0.5888275
2000000	0.620171625
2040000	0.6284857
2080000	0.60683525
2120000	0.6381344
2160000	0.651000025
2200000	0.6473737
2240000	0.5625115
2280000	0.686281675
2320000	0.7120758
2360000	0.7105918
2400000	0.7169139
2440000	0.683587275
2480000	0.6687768
2520000	0.657634675
2560000	0.715767925
2600000	0.690182175
2640000	0.72174075
2680000	0.726127625
2720000	0.725909375
2760000	0.611730975
2800000	0.77413415
2840000	0.743357625
2880000	0.7349746
2920000	0.74944045
2960000	0.72095585
3000000	0.68762915
3040000	0.646893
3080000	0.68444465
3120000	0.60250275
3160000	0.60656305
3200000	0.73407925
3240000	0.717501775
3280000	0.660779775
3320000	0.7016264
3360000	0.624240025
3400000	0.7268021
3440000	0.784109175
3480000	0.772494825
3520000	0.791368775
3560000	0.64761195
3600000	0.75335095
3640000	0.73661125
3680000	0.668490325
3720000	0.60537345
3760000	0.725018425
3800000	0.7203438
3840000	0.65028225
3880000	0.66626095
3920000	0.767009575
3960000	0.613176875
4000000	0.724558625
