10000	1.0453939
20000	0.7374134
30000	0.6331124
40000	0.8008688
50000	0.6998015
60000	0.7004331
70000	0.73653
80000	0.6287627
90000	0.6868579
100000	0.5031833
110000	0.5519695
120000	0.4860268
130000	0.5605695
140000	0.553108
150000	0.4892256
160000	0.5770956
170000	0.5967677
180000	0.6012759
190000	0.6917112
200000	0.5609128
210000	0.5764941
220000	0.6580458
230000	0.6426119
240000	0.5972995
250000	0.6190612
260000	0.5715032
270000	0.5321323
280000	0.5590583
290000	0.6259312
300000	0.5628802
310000	0.5639016
320000	0.5915042
330000	0.6234216
340000	0.6268172
350000	0.7875554
360000	0.6688993
370000	0.7448013
380000	0.6610331
390000	0.7204932
400000	0.7707049
410000	0.9057325
420000	0.8386191
430000	0.8308402
440000	0.8111876
450000	0.6782701
460000	0.6625638
470000	0.6678553
480000	0.6622931
490000	0.6614224
500000	0.6536232
510000	0.6564462
520000	0.6603689
530000	0.9384081
540000	0.9301912
550000	0.6572224
560000	0.8616597
570000	0.6751798
580000	0.9447611
590000	0.6944433
600000	0.7809226
610000	0.8853783
620000	0.6773691
630000	0.6802612
640000	0.6819315
650000	0.6835084
660000	0.6770128
670000	0.6769704
680000	0.6696307
690000	0.6705517
700000	0.8298225
710000	0.7632365
720000	0.7945096
730000	0.7748398
740000	0.7471486
750000	0.6714577
760000	0.6813472
770000	0.6729008
780000	0.7211824
790000	0.6754575
800000	0.6407045
810000	0.8731655
820000	0.8849047
830000	0.9243283
840000	0.9021136
850000	0.6610335
860000	0.6438642
870000	0.7794804
880000	0.8885496
890000	0.8938954
900000	0.851695
910000	0.8633891
920000	0.6141996
930000	0.8621119
940000	0.8601231
950000	0.8236443
960000	0.7570144
970000	0.7565606
980000	0.7360811
990000	0.738489
1000000	0.6970078
