50000	0.98364966
100000	0.91731752
150000	0.98644924
200000	0.92235632
250000	1.04506534
300000	0.96695954
350000	0.92625716
400000	0.97136824
450000	0.9848661
500000	0.98600554
550000	0.96143462
600000	0.98393646
650000	1.0073929
700000	0.99121816
750000	0.95994658
800000	0.91626992
850000	0.8939745
900000	0.89775058
950000	0.91659382
1000000	0.94603328
1050000	0.96912054
1100000	0.96477534
1150000	0.92032832
1200000	0.9534245
1250000	0.95140136
1300000	1.03591848
1350000	0.99599244
1400000	0.94709078
1450000	0.67022542
1500000	0.97361624
1550000	0.76378356
1600000	0.71803932
1650000	0.84253912
1700000	0.60310228
1750000	0.81474438
1800000	0.7693898
1850000	0.63541066
1900000	0.72579432
1950000	0.8044194
2000000	0.9321759
2050000	1.01513602
2100000	1.03830344
2150000	1.05332572
2200000	0.71699078
2250000	0.70685124
2300000	0.78256424
2350000	0.6112918
2400000	0.64527136
2450000	0.95612538
2500000	0.71010142
2550000	0.7538274
2600000	0.8734294
2650000	0.74505114
2700000	0.7474525
2750000	0.7442622
2800000	0.7438612
2850000	0.73633188
2900000	0.76137296
2950000	0.72916668
3000000	0.77807028
3050000	0.61121442
3100000	0.77573552
3150000	0.60385938
3200000	0.60602128
3250000	0.6576484
3300000	0.72137854
3350000	0.72601468
3400000	0.83994978
3450000	0.75944848
3500000	0.73657922
3550000	0.7856508
3600000	0.70933582
3650000	0.78733324
3700000	0.73343068
3750000	0.7538698
3800000	0.67226894
3850000	0.74862776
3900000	0.7153541
3950000	0.65792566
4000000	0.7249743
4050000	0.89308252
4100000	0.75660382
4150000	0.79131516
4200000	0.73751134
4250000	0.81247648
4300000	0.73981274
4350000	0.63287096
4400000	0.6192836
4450000	0.6100764
4500000	0.62122468
4550000	0.60409582
4600000	0.64488194
4650000	0.7153931
4700000	0.72305894
4750000	0.79074394
4800000	0.83318306
4850000	0.8933538
4900000	0.79851054
4950000	0.78600188
5000000	0.75606196
5050000	0.8405844
5100000	0.5151384
5150000	0.63105704
5200000	0.64000972
5250000	0.74447466
5300000	0.51242988
5350000	0.49869208
5400000	0.57145442
5450000	0.49848406
5500000	0.51433386
5550000	0.60132066
5600000	0.57791896
5650000	0.85967178
5700000	0.77210116
5750000	0.53145668
5800000	0.82840496
5850000	0.5417276
5900000	0.6467398
5950000	0.513756
6000000	0.61577184
6050000	0.59667848
6100000	0.52458868
6150000	0.73326886
6200000	0.56300018
6250000	0.5907259
6300000	0.56458308
6350000	0.63199664
6400000	0.495135
6450000	0.51771364
6500000	0.561365
6550000	0.59782218
6600000	0.84556186
6650000	0.63134032
6700000	0.616374
6750000	0.52861198
6800000	0.51621638
6850000	0.5234365
6900000	0.59381564
6950000	0.62751718
7000000	0.51752692
7050000	0.50271906
7100000	0.60359598
7150000	0.49618784
7200000	0.51216052
7250000	0.62623662
7300000	0.61440044
7350000	0.67415742
7400000	0.61332044
7450000	0.760565
7500000	0.69973258
7550000	0.7405101
7600000	0.50383636
7650000	0.54778042
7700000	0.53089752
7750000	0.50094864
7800000	0.53124286
7850000	0.5879976
7900000	0.53919526
7950000	0.58281284
8000000	0.50506132
8050000	0.60595626
8100000	0.64005
8150000	0.6400238
8200000	0.51495602
8250000	0.52134204
8300000	0.53168128
8350000	0.77279424
8400000	0.61872582
8450000	0.79488266
8500000	0.53895096
8550000	0.59844804
8600000	0.62223214
8650000	0.86184184
8700000	0.58437816
8750000	0.51642086
8800000	0.6187161
8850000	0.60854284
8900000	0.54119628
8950000	0.57113906
9000000	0.53456338
9050000	0.77812786
9100000	0.58310722
9150000	0.56206522
9200000	0.75268848
9250000	0.51829634
9300000	0.64331754
9350000	0.57722212
9400000	0.53026228
9450000	0.49695058
9500000	0.62649096
9550000	0.66826786
9600000	0.57602258
9650000	0.5176868
9700000	0.6157039
9750000	0.51915334
9800000	0.89959014
9850000	0.58480394
9900000	0.5690355
9950000	0.54867138
10000000	0.52406794
