10000	1.0084107
20000	1.0263435
30000	0.922634
40000	0.9808887
50000	0.6542884
60000	1.0242188
70000	1.0265908
80000	0.8783775
90000	0.8720529
100000	0.8853318
110000	0.8541009
120000	0.9006874
130000	0.8819804
140000	0.8819438
150000	0.9016527
160000	0.9278437
170000	0.9126514
180000	0.9052345
190000	0.8990701
200000	0.9118887
210000	0.9099681
220000	0.9284228
230000	0.8977748
240000	0.9141446
250000	0.6449092
260000	0.8155839
270000	0.4959309
280000	0.8612082
290000	0.6472679
300000	1.0305735
310000	1.0557528
320000	1.1527846
330000	0.921568
340000	0.5990583
350000	0.6421531
360000	0.6392959
370000	0.6571217
380000	0.678503
390000	0.6716214
400000	0.670329
410000	0.7179633
420000	0.7832602
430000	0.7658075
440000	0.7246113
450000	0.7719271
460000	0.7678469
470000	0.7934747
480000	0.7668113
490000	0.6817981
500000	0.7621184
510000	0.7103502
520000	0.6579373
530000	0.7279743
540000	0.7642693
550000	0.6398454
560000	0.712001
570000	0.6876468
580000	0.6627248
590000	0.6579643
600000	0.6436333
610000	0.8418377
620000	0.8623415
630000	1.1563079
640000	0.962708
650000	1.0088888
660000	0.6379833
670000	0.9984237
680000	0.8100103
690000	1.0022193
700000	0.67323
710000	0.8460614
720000	0.7848929
730000	0.6658295
740000	0.7403488
750000	0.6572208
760000	0.6540569
770000	0.6907464
780000	0.7052441
790000	0.6601167
800000	0.6832942
810000	0.9611598
820000	1.0043997
830000	1.1118661
840000	1.0855357
850000	0.6432478
860000	0.6544836
870000	0.6528146
880000	0.6501641
890000	0.6287192
900000	0.6230393
910000	0.6072591
920000	0.6013018
930000	0.6079371
940000	0.6006582
950000	0.7138879
960000	0.725512
970000	0.7177182
980000	0.7132454
990000	0.6839773
1000000	0.5747996
