40000	0.659559825
80000	0.7308834
120000	0.712624075
160000	0.6904859
200000	0.729508225
240000	0.644159225
280000	0.604871025
320000	0.683178975
360000	0.646753775
400000	0.777553375
440000	0.7561217
480000	0.740720475
520000	0.783672775
560000	0.803027675
600000	0.675939175
640000	0.706811475
680000	0.81515275
720000	0.7070854
760000	0.794496025
800000	0.76885735
840000	0.674679525
880000	0.7250876
920000	0.724000425
960000	0.6694805
1000000	0.71783645
1040000	0.675105775
1080000	0.536860725
1120000	0.5823994
1160000	0.61134955
1200000	0.625765
1240000	0.6185949
1280000	0.5798622
1320000	0.64674885
1360000	0.6039432
1400000	0.6175657
1440000	0.63009165
1480000	0.578626275
1520000	0.6434791
1560000	0.608290425
1600000	0.642449525
1640000	0.5972728
1680000	0.564890325
1720000	0.562285
1760000	0.67384775
1800000	0.627010225
1840000	0.63299525
1880000	0.6207478
1920000	0.5486411
1960000	0.551959275
2000000	0.561422325
2040000	0.549566525
2080000	0.557153175
2120000	0.545446175
2160000	0.553499625
2200000	0.68210255
2240000	0.67005995
2280000	0.643226275
2320000	0.646827875
2360000	0.609729825
2400000	0.6047296
2440000	0.665817275
2480000	0.64546415
2520000	0.61037795
2560000	0.605656225
2600000	0.713311575
2640000	0.7198068
2680000	0.6858828
2720000	0.68941795
2760000	0.591360925
2800000	0.58623125
2840000	0.578261925
2880000	0.5930648
2920000	0.621237975
2960000	0.668005125
3000000	0.620935025
3040000	0.597929075
3080000	0.660925825
3120000	0.693249475
3160000	0.720560225
3200000	0.6884918
3240000	0.658546025
3280000	0.67862155
3320000	0.6922486
3360000	0.708289875
3400000	0.666417725
3440000	0.71103035
3480000	0.59665535
3520000	0.620477425
3560000	0.67775205
3600000	0.7303497
3640000	0.73900285
3680000	0.760236225
3720000	0.69428525
3760000	0.686344225
3800000	0.7270987
3840000	0.655391525
3880000	0.64558785
3920000	0.5760414
3960000	0.581517725
4000000	0.5887048
