50000	0.82655928
100000	0.82761346
150000	0.80388558
200000	0.83932246
250000	0.72988768
300000	0.78620404
350000	0.72930516
400000	0.7367214
450000	0.68219052
500000	0.7178188
550000	0.8123727
600000	0.87677668
650000	0.83675564
700000	0.82412642
750000	0.77988502
800000	0.86060178
850000	0.95419548
900000	0.84474694
950000	0.98525448
1000000	1.0960565
1050000	1.03327532
1100000	1.18712736
1150000	0.90456378
1200000	1.15475242
1250000	1.0639157
1300000	0.90843398
1350000	0.88461316
1400000	1.02709328
1450000	1.1081554
1500000	1.17598862
1550000	1.0386388
1600000	1.12884602
1650000	1.10074666
1700000	1.04610444
1750000	1.1493283
1800000	1.0928332
1850000	0.85488542
1900000	0.8795897
1950000	1.0137826
2000000	1.05045158
2050000	1.11880846
2100000	0.8563465
2150000	0.93206066
2200000	1.00278946
2250000	1.01719434
2300000	0.7941306
2350000	0.85561736
2400000	0.759482
2450000	0.75346258
2500000	0.785091
2550000	0.76390546
2600000	0.71119498
2650000	0.7549974
2700000	0.72295764
2750000	0.67049454
2800000	0.65436
2850000	0.69466704
2900000	0.65215474
2950000	0.63647242
3000000	0.58505802
3050000	0.62978146
3100000	0.68509778
3150000	0.74872828
3200000	0.71197616
3250000	0.69949644
3300000	0.71599544
3350000	0.74535072
3400000	0.7324408
3450000	0.75511806
3500000	0.71357918
3550000	0.77883586
3600000	0.7586458
3650000	0.7144825
3700000	0.76241596
3750000	0.7455087
3800000	0.77190428
3850000	0.77384642
3900000	0.73394068
3950000	0.67259012
4000000	0.69795504
4050000	0.75500254
4100000	0.7328442
4150000	0.78482612
4200000	0.79380872
4250000	0.7369135
4300000	0.77016016
4350000	0.75461944
4400000	0.70079102
4450000	0.71061642
4500000	0.6975774
4550000	0.75755638
4600000	0.76750422
4650000	0.68135736
4700000	0.77442836
4750000	0.67963532
4800000	0.78295912
4850000	0.78565056
4900000	0.79876456
4950000	0.71648926
5000000	0.75648204
5050000	0.75402974
5100000	0.73278286
5150000	0.69829396
5200000	0.78251608
5250000	0.72649372
5300000	0.7480135
5350000	0.73189558
5400000	0.76429754
5450000	0.74581176
5500000	0.75674002
5550000	0.74394202
5600000	0.77173784
5650000	0.76463736
5700000	0.81719868
5750000	0.74355232
5800000	0.73033054
5850000	0.71761804
5900000	0.75252406
5950000	0.67748014
6000000	0.69950332
6050000	0.79442798
6100000	0.72216618
6150000	0.75560508
6200000	0.73616946
6250000	0.73306436
6300000	0.73457492
6350000	0.76721148
6400000	0.75798738
6450000	0.72819546
6500000	0.69892578
6550000	0.73674218
6600000	0.73025238
6650000	0.67037374
6700000	0.71834236
6750000	0.75254312
6800000	0.75699142
6850000	0.79752476
6900000	0.74842024
6950000	0.77641692
7000000	0.79035502
7050000	0.78621426
7100000	0.76793662
7150000	0.73201076
7200000	0.8701193
7250000	0.79336934
7300000	0.77332552
7350000	0.79281402
7400000	0.73259426
7450000	0.73725818
7500000	0.69907648
7550000	0.72223988
7600000	0.7397277
7650000	0.73991842
7700000	0.78414716
7750000	0.7541726
7800000	0.78648106
7850000	0.83919678
7900000	0.8241475
7950000	0.79274766
8000000	0.8239754
8050000	0.75588096
8100000	0.75375012
8150000	0.7567496
8200000	0.71592074
8250000	0.7678902
8300000	0.73662126
8350000	0.82159956
8400000	0.83378592
8450000	0.77161382
8500000	0.8077555
8550000	0.7368652
8600000	0.80478014
8650000	0.74027136
8700000	0.82032332
8750000	0.757852
8800000	0.83414922
8850000	0.71242858
8900000	0.71619848
8950000	0.71011678
9000000	0.71310934
9050000	0.84193054
9100000	0.73500382
9150000	0.7625491
9200000	0.77452076
9250000	0.79897326
9300000	0.80994184
9350000	0.84716564
9400000	0.80389556
9450000	0.83374806
9500000	0.82811838
9550000	0.805589
9600000	0.7812404
9650000	0.74214774
9700000	0.7307553
9750000	0.82568574
9800000	0.8127282
9850000	0.86573038
9900000	0.7493176
9950000	0.70853396
10000000	0.87762776
