50000	0.81585904
100000	1.0866904
150000	1.10933124
200000	1.08062782
250000	1.08148796
300000	1.14682914
350000	1.2631905
400000	1.3933476
450000	1.53443424
500000	1.45819182
550000	1.36260572
600000	1.338991
650000	1.38498848
700000	1.41567744
750000	1.37285662
800000	1.80864874
850000	1.37299374
900000	1.34087568
950000	1.55199338
1000000	1.34670144
1050000	1.36746358
1100000	1.17985334
1150000	1.3368631
1200000	1.40624412
1250000	1.63275918
1300000	1.40849784
1350000	1.47131894
1400000	1.2271364
1450000	1.5852872
1500000	1.5839245
1550000	1.09388196
1600000	1.35705448
1650000	1.2441398
1700000	1.03760038
1750000	1.21068764
1800000	1.07178904
1850000	1.26008542
1900000	1.04929112
1950000	1.11447914
2000000	1.4084155
2050000	1.03524552
2100000	1.11345218
2150000	1.31697566
2200000	1.18392294
2250000	1.3067887
2300000	1.45663422
2350000	1.10069772
2400000	0.99239138
2450000	1.0309721
2500000	1.5036501
2550000	0.9914522
2600000	1.5654547
2650000	1.13373676
2700000	1.48358546
2750000	1.0897097
2800000	1.4783564
2850000	1.20145846
2900000	1.0155022
2950000	1.2409023
3000000	0.9835413
3050000	0.98830074
3100000	1.30404544
3150000	1.0918746
3200000	1.0001472
3250000	1.04638504
3300000	1.06020738
3350000	1.00320156
3400000	1.05120012
3450000	1.17907586
3500000	1.38845572
3550000	1.08150594
3600000	1.02312424
3650000	1.2648929
3700000	1.09646124
3750000	1.41174772
3800000	1.20611604
3850000	1.1482161
3900000	1.44747044
3950000	1.1492096
4000000	1.59379798
4050000	1.33553254
4100000	1.20899704
4150000	1.25429694
4200000	1.4400914
4250000	1.34006852
4300000	1.162787
4350000	1.41853056
4400000	1.44194752
4450000	1.49095174
4500000	1.15082828
4550000	1.15635308
4600000	1.10247766
4650000	1.26969156
4700000	1.2340677
4750000	1.20190912
4800000	1.3119868
4850000	1.21456236
4900000	1.1122696
4950000	1.1539962
5000000	1.18369334
