50000	0.74977484
100000	0.78456152
150000	0.75790504
200000	0.77653128
250000	0.77808166
300000	0.77778816
350000	0.79803704
400000	0.79094544
450000	0.74375062
500000	0.82666012
550000	0.87052408
600000	0.94068242
650000	0.93817976
700000	1.03068176
750000	1.08409916
800000	1.14340982
850000	1.16887484
900000	1.244196
950000	1.29147992
1000000	1.3094465
1050000	1.30948338
1100000	1.30758886
1150000	1.32199232
1200000	1.3149726
1250000	1.30562804
1300000	1.3391472
1350000	1.3400322
1400000	1.20053784
1450000	1.15926684
1500000	1.18962174
1550000	1.18417556
1600000	1.28159472
1650000	1.26683874
1700000	1.24791414
1750000	1.27622404
1800000	1.13799978
1850000	1.2506256
1900000	1.21830826
1950000	1.231639
2000000	1.21703652
