10000	0.7492204
20000	0.8391438
30000	0.7395907
40000	0.6797151
50000	0.665052
60000	0.6142247
70000	0.6132431
80000	0.5638418
90000	0.6169095
100000	0.5991631
110000	0.5806103
120000	0.5698483
130000	0.6132537
140000	0.5804915
150000	0.6320614
160000	0.6214096
170000	0.6375727
180000	0.60712
190000	0.6203116
200000	0.6176085
210000	0.6082872
220000	0.6589677
230000	0.6593219
240000	0.6757659
250000	0.7716055
260000	0.7979059
270000	0.8628909
280000	0.9219365
290000	0.8798636
300000	0.9674084
310000	1.0180139
320000	1.0017259
330000	1.0600459
340000	1.0890725
350000	1.3148159
360000	1.2958155
370000	1.0636735
380000	1.1465725
390000	1.1123606
400000	1.1385023
410000	1.1966865
420000	1.1961594
430000	1.2458521
440000	1.1093053
450000	1.0829402
460000	1.0906669
470000	1.1334225
480000	1.1081766
490000	1.1152952
500000	1.1011058
510000	1.0922643
520000	1.0930152
530000	1.1478058
540000	1.1556592
550000	1.1750597
560000	1.1759192
570000	1.2287722
580000	1.1695811
590000	1.1535216
600000	1.1349771
610000	1.1750981
620000	1.1449901
630000	1.2315211
640000	1.1510958
650000	1.1568936
660000	1.1738067
670000	1.1730961
680000	1.1953081
690000	1.1996764
700000	1.154374
710000	1.1408217
720000	1.1748157
730000	1.1282638
740000	1.1404387
750000	1.1900952
760000	1.1779977
770000	1.1888476
780000	1.1291435
790000	1.1720223
800000	1.0868955
810000	1.167028
820000	1.2079785
830000	1.3889857
840000	1.4510166
850000	1.1896885
860000	1.1142415
870000	1.2631831
880000	1.4107917
890000	1.4083055
900000	1.2829658
910000	1.314648
920000	1.3348333
930000	1.1744127
940000	1.3049223
950000	1.2796466
960000	1.2317094
970000	1.1218605
980000	1.1651548
990000	1.3001705
1000000	1.1380524
