10000	0.9051334
20000	1.0225661
30000	1.0083357
40000	0.9675845
50000	0.6629853
60000	1.1102465
70000	0.883806
80000	0.971158
90000	0.7905428
100000	0.6833057
110000	0.866548
120000	0.77453
130000	0.8260735
140000	0.7768203
150000	0.8004604
160000	0.8134987
170000	0.7573166
180000	0.669301
190000	0.8236414
200000	0.8258889
210000	0.9250639
220000	0.9994236
230000	1.1288378
240000	1.0760798
250000	1.1371806
260000	1.226937
270000	1.1602659
280000	1.2847846
290000	1.2846883
300000	1.2529912
310000	1.3386237
320000	1.3036231
330000	1.3373663
340000	1.3644301
350000	1.2320434
360000	1.1508534
370000	1.1294142
380000	1.0739849
390000	1.1543026
400000	1.1293443
410000	1.1319992
420000	1.1853466
430000	1.2176642
440000	1.4142474
450000	1.4753914
460000	1.1843308
470000	1.2321547
480000	1.2819663
490000	1.3260178
500000	1.1539076
510000	1.154452
520000	1.1941525
530000	1.1248209
540000	1.3175315
550000	1.1527335
560000	1.0728371
570000	1.2067384
580000	1.0446328
590000	1.0132509
600000	1.2290277
610000	1.1588919
620000	1.1207375
630000	1.1963568
640000	1.1374819
650000	1.1928341
660000	1.2136054
670000	1.3867984
680000	1.2160643
690000	1.44246
700000	1.3271858
710000	1.3104874
720000	1.7005438
730000	1.476313
740000	1.4297443
750000	1.2205056
760000	1.2460469
770000	1.4755088
780000	1.292322
790000	1.167988
800000	1.5309627
810000	1.2866934
820000	1.3928964
830000	1.5423249
840000	1.3664633
850000	1.3701239
860000	1.2386538
870000	1.1179905
880000	1.1207774
890000	1.0410182
900000	1.0428783
910000	1.0537767
920000	1.0098705
930000	0.9961898
940000	1.0111594
950000	1.0532119
960000	1.141971
970000	1.0522628
980000	1.0691411
990000	0.9738745
1000000	0.9987621
