40000	0.00357275
80000	0.003363675
120000	0.0035084
160000	0.003872275
200000	0.003932175
240000	0.004316225
280000	0.004572
320000	0.004817675
360000	0.0048
400000	0.004453475
440000	0.004485825
480000	0.00399935
520000	0.004421575
560000	0.00500355
600000	0.00407855
640000	0.003984425
680000	0.003981075
720000	0.003909125
760000	0.004440475
800000	0.004429525
840000	0.004518025
880000	0.004791975
920000	0.00509055
960000	0.003702875
1000000	0.004196825
1040000	0.004181975
1080000	0.00440595
1120000	0.005061
1160000	0.004584125
1200000	0.00527965
1240000	0.004351075
1280000	0.004453325
1320000	0.00518405
1360000	0.004098125
1400000	0.003770825
1440000	0.00384085
1480000	0.003938325
1520000	0.004358425
1560000	0.004366875
1600000	0.004525625
1640000	0.0037485
1680000	0.005257225
1720000	0.004849625
1760000	0.0046817
1800000	0.00517595
1840000	0.005212625
1880000	0.00469025
1920000	0.00420705
1960000	0.00415445
2000000	0.0042315
2040000	0.004847525
2080000	0.005031925
2120000	0.004626525
2160000	0.00464845
2200000	0.00415125
2240000	0.00417215
2280000	0.00421185
2320000	0.004256475
2360000	0.004275825
2400000	0.0040934
2440000	0.00506275
2480000	0.00446505
2520000	0.004365875
2560000	0.004287375
2600000	0.0043474
2640000	0.004407725
2680000	0.004578475
2720000	0.005622125
2760000	0.004153325
2800000	0.0042641
2840000	0.004426225
2880000	0.0039312
2920000	0.00422515
2960000	0.003049325
3000000	0.0042567
3040000	0.003024225
3080000	0.003938025
3120000	0.004353
3160000	0.0045137
3200000	0.004421075
3240000	0.0043492
3280000	0.005944775
3320000	0.0048367
3360000	0.0045553
3400000	0.0043158
3440000	0.004469475
3480000	0.004833375
3520000	0.004709725
3560000	0.00454095
3600000	0.0042765
3640000	0.004096025
3680000	0.0042647
3720000	0.00387355
3760000	0.0042291
3800000	0.0043073
3840000	0.004465525
3880000	0.004011925
3920000	0.003968425
3960000	0.0042798
4000000	0.004756175
