10000	0.0035751
20000	0.003261
30000	0.0034032
40000	0.0038283
50000	0.0033586
60000	0.0034847
70000	0.0036759
80000	0.0047611
90000	0.0039361
100000	0.003652
110000	0.0036463
120000	0.004717
130000	0.0035079
140000	0.0038013
150000	0.0049813
160000	0.0049878
170000	0.0045646
180000	0.0041096
190000	0.003752
200000	0.0040614
210000	0.0040586
220000	0.0046021
230000	0.0040107
240000	0.0044055
250000	0.0040072
260000	0.0045499
270000	0.0042399
280000	0.0047132
290000	0.0043078
300000	0.004886
310000	0.0043915
320000	0.0046308
330000	0.0050175
340000	0.0045542
350000	0.0043722
360000	0.0042714
370000	0.0041074
380000	0.0043561
390000	0.0042928
400000	0.0043207
410000	0.0042241
420000	0.0047749
430000	0.0045657
440000	0.0042939
450000	0.0045782
460000	0.0051423
470000	0.0039735
480000	0.0044222
490000	0.0041096
500000	0.0056372
510000	0.0041885
520000	0.0043643
530000	0.0043984
540000	0.0046571
550000	0.0042168
560000	0.0041943
570000	0.0042884
580000	0.0051483
590000	0.0043634
600000	0.0044512
610000	0.0039588
620000	0.0051871
630000	0.0041872
640000	0.0045541
650000	0.0041439
660000	0.0040523
670000	0.0040673
680000	0.0039663
690000	0.0039607
700000	0.0041436
710000	0.0043041
720000	0.0040562
730000	0.0044947
740000	0.0045462
750000	0.004242
760000	0.0040721
770000	0.0043632
780000	0.0046911
790000	0.0042703
800000	0.0046943
810000	0.0043962
820000	0.0042522
830000	0.0045886
840000	0.0041872
850000	0.0048909
860000	0.0044609
870000	0.0040908
880000	0.003937
890000	0.0043212
900000	0.0049609
910000	0.0049145
920000	0.0039746
930000	0.0041093
940000	0.0036552
950000	0.0037665
960000	0.0044457
970000	0.0047872
980000	0.0051889
990000	0.0042812
1000000	0.0045704
