30000	0.003937566666666666
60000	0.0038067333333333332
90000	0.004107766666666667
120000	0.0038979
150000	0.0037416
180000	0.0040431
210000	0.0045184
240000	0.004874766666666666
270000	0.0041349333333333335
300000	0.0042671
330000	0.004334133333333334
360000	0.004145566666666667
390000	0.0039972666666666665
420000	0.0046241
450000	0.0048152
480000	0.005056733333333333
510000	0.0042617
540000	0.0035615
570000	0.0045307333333333335
600000	0.004837366666666666
630000	0.004092533333333333
660000	0.005029466666666667
690000	0.004635266666666667
720000	0.005253133333333333
750000	0.0040997333333333335
780000	0.0051293
810000	0.004729133333333333
840000	0.004682066666666667
870000	0.004345566666666667
900000	0.0042275
930000	0.0040096333333333335
960000	0.0040797
990000	0.004858233333333333
1020000	0.004796366666666667
1050000	0.004209666666666666
1080000	0.0048276
1110000	0.0043908666666666665
1140000	0.004596933333333333
1170000	0.004627166666666667
1200000	0.004818933333333333
1230000	0.004703166666666666
1260000	0.0038512
1290000	0.0050191
1320000	0.0041962
1350000	0.003997666666666667
1380000	0.004398033333333333
1410000	0.0041344
1440000	0.004191
1470000	0.004531933333333333
1500000	0.0037958333333333334
1530000	0.0039148
1560000	0.0042297333333333334
1590000	0.0040628
1620000	0.0039467
1650000	0.004097033333333333
1680000	0.004758466666666667
1710000	0.0050079
1740000	0.0038877
1770000	0.0043191666666666665
1800000	0.0050594333333333335
1830000	0.0050235
1860000	0.0048234
1890000	0.0041015
1920000	0.004287733333333333
1950000	0.004238
1980000	0.0040346
2010000	0.004181166666666666
2040000	0.004294366666666666
2070000	0.0048244
2100000	0.004168033333333333
2130000	0.0040346666666666664
2160000	0.004070833333333333
2190000	0.004253466666666666
2220000	0.0041762
2250000	0.0043477333333333335
2280000	0.0047476
2310000	0.004818833333333333
2340000	0.005029366666666667
2370000	0.004754366666666667
2400000	0.004213533333333333
2430000	0.004062466666666667
2460000	0.0026897333333333333
2490000	0.004992733333333333
2520000	0.005047766666666667
2550000	0.004478033333333333
2580000	0.0043073
2610000	0.0047028
2640000	0.004223266666666667
2670000	0.0041412
2700000	0.003417733333333333
2730000	0.0044938
2760000	0.004773533333333333
2790000	0.004459
2820000	0.0041944
2850000	0.0042681333333333335
2880000	0.0041566
2910000	0.0043502
2940000	0.003942166666666667
2970000	0.0038106
3000000	0.004305833333333333
