10000	0.00665
20000	0.0049595
30000	0.0050787
40000	0.0055294
50000	0.0059179
60000	0.0062496
70000	0.0053196
80000	0.006741
90000	0.0055621
100000	0.0050827
110000	0.0052874
120000	0.0062395
130000	0.0051851
140000	0.0053316
150000	0.0069934
160000	0.0075361
170000	0.0059603
180000	0.0070631
190000	0.007669
200000	0.005696
210000	0.0056395
220000	0.0073711
230000	0.0067846
240000	0.0056518
250000	0.0064024
260000	0.0074815
270000	0.0068004
280000	0.0079321
290000	0.0057947
300000	0.0079428
310000	0.0069988
320000	0.0078338
330000	0.0064604
340000	0.0077484
350000	0.0062176
360000	0.005904
370000	0.0057421
380000	0.0060788
390000	0.0071077
400000	0.0070458
410000	0.0058751
420000	0.0065572
430000	0.0071359
440000	0.005854
450000	0.0060726
460000	0.0061763
470000	0.0054006
480000	0.0059004
490000	0.0073888
500000	0.0065884
510000	0.0056912
520000	0.0059268
530000	0.0066964
540000	0.0061547
550000	0.007176
560000	0.0057478
570000	0.0059184
580000	0.0080136
590000	0.0060126
600000	0.0064181
610000	0.0068033
620000	0.0067395
630000	0.0058883
640000	0.0062164
650000	0.0058355
660000	0.0070357
670000	0.0056543
680000	0.0055901
690000	0.0059231
700000	0.005715
710000	0.0067116
720000	0.006024
730000	0.0059418
740000	0.0060931
750000	0.0065358
760000	0.0073237
770000	0.0067003
780000	0.0070082
790000	0.0058445
800000	0.0072672
810000	0.0058717
820000	0.0071286
830000	0.0073162
840000	0.0055516
850000	0.0068804
860000	0.0069624
870000	0.0057091
880000	0.0076256
890000	0.0065702
900000	0.0069576
910000	0.0067442
920000	0.006982
930000	0.0063019
940000	0.0061445
950000	0.0054618
960000	0.0058276
970000	0.0063279
980000	0.0065645
990000	0.0066931
1000000	0.0058244
