40000	0.00612695
80000	0.0064323
120000	0.0051367
160000	0.006953575
200000	0.0056134
240000	0.0067406
280000	0.0069683
320000	0.008230225
360000	0.007122375
400000	0.0068276
440000	0.00619255
480000	0.00570455
520000	0.00694825
560000	0.0071257
600000	0.005763425
640000	0.007121575
680000	0.005681475
720000	0.005618675
760000	0.00610095
800000	0.0059822
840000	0.00705145
880000	0.0065344
920000	0.00636005
960000	0.006493725
1000000	0.007087325
1040000	0.00590515
1080000	0.007426525
1120000	0.006812375
1160000	0.006480475
1200000	0.007010425
1240000	0.007061975
1280000	0.00642115
1320000	0.007985625
1360000	0.005817975
1400000	0.006142325
1440000	0.00669425
1480000	0.006057125
1520000	0.00646145
1560000	0.00639715
1600000	0.006192575
1640000	0.0054744
1680000	0.0073912
1720000	0.006549575
1760000	0.006696775
1800000	0.00732905
1840000	0.00686165
1880000	0.0063002
1920000	0.005976125
1960000	0.00593205
2000000	0.0059417
2040000	0.0071193
2080000	0.006800675
2120000	0.00683925
2160000	0.0069553
2200000	0.0066354
2240000	0.0077575
2280000	0.0058717
2320000	0.0061961
2360000	0.00604185
2400000	0.005880425
2440000	0.0068008
2480000	0.00680645
2520000	0.007042525
2560000	0.006651075
2600000	0.00603825
2640000	0.007123225
2680000	0.0075627
2720000	0.00658595
2760000	0.00760505
2800000	0.0059864
2840000	0.006005125
2880000	0.005653225
2920000	0.0062022
2960000	0.007233925
3000000	0.005945275
3040000	0.007755025
3080000	0.00562455
3120000	0.006002675
3160000	0.007351075
3200000	0.00749115
3240000	0.006127675
3280000	0.007413825
3320000	0.007616675
3360000	0.00683275
3400000	0.00596255
3440000	0.006005275
3480000	0.006800875
3520000	0.007019975
3560000	0.006826175
3600000	0.00589205
3640000	0.008116
3680000	0.007014275
3720000	0.006709325
3760000	0.0060381
3800000	0.0072158
3840000	0.005922575
3880000	0.007334375
3920000	0.00578085
3960000	0.006256125
4000000	0.00700805
