30000	0.005649366666666667
60000	0.0060149
90000	0.006208333333333333
120000	0.006125166666666667
150000	0.006909866666666667
180000	0.008687733333333333
210000	0.0066334666666666665
240000	0.007837266666666667
270000	0.005798266666666667
300000	0.0059909333333333335
330000	0.006013833333333334
360000	0.005853533333333333
390000	0.0071128
420000	0.0068760666666666664
450000	0.0068916
480000	0.0064390666666666665
510000	0.005814466666666667
540000	0.007736266666666667
570000	0.0066515666666666666
600000	0.006944366666666667
630000	0.005772233333333333
660000	0.006800533333333333
690000	0.006378433333333333
720000	0.005972033333333333
750000	0.0058516
780000	0.006555933333333333
810000	0.007386166666666667
840000	0.0073702333333333335
870000	0.007600133333333333
900000	0.0059206
930000	0.0057568666666666666
960000	0.0061035
990000	0.006914566666666667
1020000	0.007085533333333333
1050000	0.007199333333333334
1080000	0.006456366666666667
1110000	0.0072357666666666666
1140000	0.007359233333333333
1170000	0.006335866666666667
1200000	0.0082951
1230000	0.007549933333333333
1260000	0.006733233333333333
1290000	0.0064644333333333335
1320000	0.005875266666666667
1350000	0.005690933333333334
1380000	0.0064101
1410000	0.0063088
1440000	0.006413733333333334
1470000	0.005904733333333334
1500000	0.005466233333333333
1530000	0.006092233333333333
1560000	0.0062871
1590000	0.005844433333333334
1620000	0.005424833333333334
1650000	0.0057895333333333335
1680000	0.007171333333333333
1710000	0.0067355666666666664
1740000	0.008499633333333333
1770000	0.005980066666666666
1800000	0.0066384
1830000	0.006809066666666667
1860000	0.006499066666666667
1890000	0.005802366666666667
1920000	0.0060071
1950000	0.007518766666666667
1980000	0.005836266666666667
2010000	0.005925433333333333
2040000	0.006024566666666667
2070000	0.006407866666666667
2100000	0.005924033333333334
2130000	0.006802066666666667
2160000	0.005857833333333333
2190000	0.0059550666666666665
2220000	0.0064323666666666664
2250000	0.007121533333333333
2280000	0.006434366666666667
2310000	0.0065894
2340000	0.0066821
2370000	0.007302333333333333
2400000	0.0058693
2430000	0.0058351
2460000	0.0074317
2490000	0.0068143
2520000	0.007062766666666667
2550000	0.0075849
2580000	0.006041133333333333
2610000	0.006449333333333333
2640000	0.005971766666666667
2670000	0.0058972
2700000	0.0086318
2730000	0.007386933333333333
2760000	0.006436633333333333
2790000	0.0068258
2820000	0.007099433333333334
2850000	0.0065985666666666665
2880000	0.006626366666666667
2910000	0.006969366666666667
2940000	0.005795666666666667
2970000	0.0067006
3000000	0.006190833333333333
