50000	0.77910488
100000	0.66872448
150000	0.74846672
200000	0.85933078
250000	0.77978884
300000	0.77441532
350000	0.74392578
400000	0.81064972
450000	0.78244356
500000	0.72577036
550000	0.8822827
600000	0.9248271
650000	0.97070294
700000	1.02171464
750000	0.93253928
800000	0.88162146
850000	1.06502826
900000	1.0985672
950000	1.06622324
1000000	1.0881347
1050000	1.10523756
1100000	1.17834732
1150000	1.16046714
1200000	1.1039211
1250000	1.21741642
1300000	1.09846974
1350000	0.9687165
1400000	1.00012026
1450000	1.03537982
1500000	1.07521638
1550000	0.96125954
1600000	0.89778158
1650000	1.10772336
1700000	0.98752496
1750000	1.01518872
1800000	1.0231688
1850000	1.0661852
1900000	1.00547138
1950000	1.00491186
2000000	1.10521952
