50000	0.78860906
100000	0.78533182
150000	0.78022716
200000	0.793743
250000	0.7432455
300000	0.80082526
350000	0.80024832
400000	0.7794588
450000	0.80191034
500000	0.77944362
550000	0.86241612
600000	0.86993032
650000	0.94094984
700000	0.95766828
750000	1.03482864
800000	1.0983037
850000	1.18102146
900000	1.23078724
950000	1.29548556
1000000	1.32352638
1050000	1.33836544
1100000	1.29175888
1150000	1.27033202
1200000	1.28726062
1250000	1.34434296
1300000	1.29226402
1350000	1.29597562
1400000	1.35977234
1450000	1.25147112
1500000	1.29332524
1550000	1.3326778
1600000	1.30962454
1650000	1.303696
1700000	1.27891702
1750000	1.23377832
1800000	1.21799498
1850000	1.1684359
1900000	1.09983824
1950000	1.2230409
2000000	1.20270812
2050000	1.22650616
2100000	1.2223564
2150000	1.18516444
2200000	1.16132904
2250000	1.03709204
2300000	0.7774043
2350000	0.71211098
2400000	0.74436258
2450000	0.69408566
2500000	0.68463592
2550000	0.68222094
2600000	0.70170738
2650000	0.6722728
2700000	0.65267378
2750000	0.66404494
2800000	0.59526374
2850000	0.586004
2900000	0.58269158
2950000	0.54519572
3000000	0.54786394
3050000	0.57639392
3100000	0.60181798
3150000	0.58189094
3200000	0.6649677
3250000	0.65248184
3300000	0.6761652
3350000	0.642491
3400000	0.62865548
3450000	0.63976998
3500000	0.64245814
3550000	0.63661766
3600000	0.61954398
3650000	0.69610978
3700000	0.62258044
3750000	0.64683056
3800000	0.68533074
3850000	0.6447748
3900000	0.6274384
3950000	0.64294774
4000000	0.67390826
4050000	0.7176313
4100000	0.69887236
4150000	0.66565716
4200000	0.7089172
4250000	0.69763536
4300000	0.70844328
4350000	0.7275467
4400000	0.66380662
4450000	0.63448196
4500000	0.65846646
4550000	0.66052728
4600000	0.68858566
4650000	0.67327692
4700000	0.68000202
4750000	0.66438686
4800000	0.70464344
4850000	0.6775547
4900000	0.68320822
4950000	0.71141226
5000000	0.68451586
5050000	0.69658966
5100000	0.69107534
5150000	0.72580704
5200000	0.70989072
5250000	0.7126722
5300000	0.69484294
5350000	0.67340326
5400000	0.69195496
5450000	0.69348588
5500000	0.68064232
5550000	0.67434978
5600000	0.63080956
5650000	0.66477526
5700000	0.6724724
5750000	0.68678168
5800000	0.68469118
5850000	0.66151492
5900000	0.66036314
5950000	0.66849422
6000000	0.6588238
6050000	0.6622015
6100000	0.6775266
6150000	0.7233157
6200000	0.63737548
6250000	0.71534208
6300000	0.66803608
6350000	0.7276289
6400000	0.713288
6450000	0.69718112
6500000	0.64434868
6550000	0.63837556
6600000	0.66365246
6650000	0.6837473
6700000	0.6576886
6750000	0.67517894
6800000	0.70744444
6850000	0.75414518
6900000	0.7160524
6950000	0.65982936
7000000	0.66929716
7050000	0.77434428
7100000	0.70197526
7150000	0.71516768
7200000	0.72605412
7250000	0.69830882
7300000	0.76615206
7350000	0.73496362
7400000	0.69092434
7450000	0.68491064
7500000	0.68909102
7550000	0.64647894
7600000	0.63614408
7650000	0.6655349
7700000	0.66887486
7750000	0.7252595
7800000	0.70002966
7850000	0.71006332
7900000	0.74387112
7950000	0.74494092
8000000	0.73986938
8050000	0.73861892
8100000	0.70227954
8150000	0.74448246
8200000	0.72128196
8250000	0.70432696
8300000	0.75081108
8350000	0.75240442
8400000	0.71276804
8450000	0.65407634
8500000	0.7162875
8550000	0.74597622
8600000	0.68802442
8650000	0.76819616
8700000	0.75236028
8750000	0.71724462
8800000	0.74250662
8850000	0.72016756
8900000	0.71091876
8950000	0.6816055
9000000	0.6873438
9050000	0.64687274
9100000	0.70981022
9150000	0.66731336
9200000	0.780009
9250000	0.70517472
9300000	0.71386964
9350000	0.75177072
9400000	0.74905716
9450000	0.75308348
9500000	0.7860583
9550000	0.67921072
9600000	0.68649584
9650000	0.71492936
9700000	0.69117042
9750000	0.7800554
9800000	0.7255395
9850000	0.69547368
9900000	0.70741292
9950000	0.76301578
10000000	0.74187222
