50000	0.58485424
100000	0.44509328
150000	0.52841854
200000	0.42554244
250000	0.45130562
300000	0.58099024
350000	0.4387324
400000	0.52360508
450000	0.65531308
500000	0.55317626
550000	0.59718226
600000	0.6110034
650000	0.59655744
700000	0.64850528
750000	0.6342395
800000	0.61016046
850000	0.59056948
900000	0.60779096
950000	0.612815
1000000	0.56326008
1050000	0.63680022
1100000	0.56817184
1150000	0.58684358
1200000	0.57089284
1250000	0.59428688
1300000	0.59344376
1350000	0.5860734
1400000	0.55089748
1450000	0.68873202
1500000	0.52808092
1550000	0.54696836
1600000	0.51961852
1650000	0.49086968
1700000	0.4508596
1750000	0.44155178
1800000	0.4546673
1850000	0.46643864
1900000	0.50131334
1950000	0.5222711
2000000	0.51694174
2050000	0.51566276
2100000	0.52056494
2150000	0.46152784
2200000	0.50267548
2250000	0.55265044
2300000	0.61919674
2350000	0.54043704
2400000	0.53848238
2450000	0.51508986
2500000	0.49937422
2550000	0.525564
2600000	0.58575116
2650000	0.54974282
2700000	0.52947004
2750000	0.53974204
2800000	0.52327078
2850000	0.5183339
2900000	0.48315324
2950000	0.50344342
3000000	0.49530924
3050000	0.4807157
3100000	0.4842074
3150000	0.45638554
3200000	0.50055152
3250000	0.48711492
3300000	0.52854966
3350000	0.52350216
3400000	0.5164408
3450000	0.52717882
3500000	0.48732492
3550000	0.51052572
3600000	0.56128238
3650000	0.52048884
3700000	0.534973
3750000	0.52610644
3800000	0.55200544
3850000	0.53865022
3900000	0.55901248
3950000	0.53023624
4000000	0.5640733
4050000	0.536623
4100000	0.54672582
4150000	0.5300725
4200000	0.50577316
4250000	0.53219616
4300000	0.54736756
4350000	0.5474823
4400000	0.51242614
4450000	0.51795878
4500000	0.5141233
4550000	0.49601664
4600000	0.53146478
4650000	0.5371246
4700000	0.52457628
4750000	0.52087788
4800000	0.55549188
4850000	0.53692358
4900000	0.52646822
4950000	0.54584026
5000000	0.50283336
