50000	0.73814214
100000	0.5679064
150000	0.60168286
200000	0.5396838
250000	0.58435052
300000	0.58965944
350000	0.59688364
400000	0.58354448
450000	0.6175349
500000	0.5743715
550000	0.58712088
600000	0.5888702
650000	0.59189982
700000	0.61522602
750000	0.59758578
800000	0.5860731
850000	0.60947576
900000	0.60315278
950000	0.59575848
1000000	0.62962346
1050000	0.70584492
1100000	0.6505414
1150000	0.61672232
1200000	0.6289943
1250000	0.75246142
1300000	0.6569173
1350000	0.69702628
1400000	0.67511296
1450000	0.6338831
1500000	0.69884574
1550000	0.80665634
1600000	0.80714494
1650000	0.64846078
1700000	0.71484668
1750000	0.62010374
1800000	0.61093976
1850000	0.62046114
1900000	0.59426542
1950000	0.58632582
2000000	0.5813401
2050000	0.58922438
2100000	0.60931284
2150000	0.59713072
2200000	0.62221092
2250000	0.65173558
2300000	0.63501342
2350000	0.71471102
2400000	0.7955208
2450000	0.66679354
2500000	0.70652006
2550000	0.87649038
2600000	0.73779478
2650000	0.74398178
2700000	0.72915374
2750000	0.71567526
2800000	0.68573292
2850000	0.78249058
2900000	0.75804806
2950000	0.79642898
3000000	0.74823648
3050000	0.80450034
3100000	0.89321334
3150000	0.78997658
3200000	0.7284812
3250000	0.76795954
3300000	0.78254596
3350000	0.80531302
3400000	0.82553206
3450000	0.8445517
3500000	0.79319272
3550000	0.70705794
3600000	0.8705484
3650000	1.06276406
3700000	1.1635775
3750000	0.9346243
3800000	0.9655325
3850000	0.80868084
3900000	0.82262942
3950000	0.64656178
4000000	0.79886442
4050000	0.83080616
4100000	0.85372764
4150000	0.66637186
4200000	0.7797469
4250000	0.73790964
4300000	0.71988112
4350000	0.6888285
4400000	0.98049242
4450000	0.86237252
4500000	0.70118186
4550000	0.83172126
4600000	0.84532132
4650000	0.78915434
4700000	0.64285374
4750000	0.72872372
4800000	0.64482304
4850000	0.7074096
4900000	0.66118874
4950000	0.74353232
5000000	0.69024022
