10000	4.739776
20000	0.7783977
30000	0.7433183
40000	0.796378
50000	0.7128879
60000	0.5599205
70000	0.5405711
80000	0.9500439
90000	0.8337812
100000	0.6763537
110000	0.7583627
120000	0.7590946
130000	0.6802577
140000	0.735867
150000	0.9771278
160000	0.6967794
170000	0.8083442
180000	0.7235446
190000	0.5734787
200000	0.6643404
210000	0.7156092
220000	0.5999658
230000	0.8312966
240000	0.8161048
250000	0.7045474
260000	0.6442007
270000	0.6075199
280000	0.7096671
290000	0.7543767
300000	0.6802615
310000	0.8760993
320000	0.8903091
330000	0.6165526
340000	0.6925778
350000	0.671298
360000	0.8919061
370000	0.7708719
380000	0.5831554
390000	0.776889
400000	0.6217186
410000	0.7570822
420000	0.6475326
430000	0.6735617
440000	0.6076772
450000	0.5699116
460000	0.7161861
470000	0.8233389
480000	0.7667911
490000	0.7512159
500000	0.7720921
510000	0.7597306
520000	0.7279269
530000	0.6231475
540000	0.6941931
550000	0.6767019
560000	0.6275117
570000	0.5725653
580000	0.8731026
590000	0.6725146
600000	0.6958543
610000	0.6571066
620000	0.695307
630000	0.6327989
640000	0.5755768
650000	0.6302734
660000	0.62256
670000	0.7705143
680000	0.616605
690000	0.7370746
700000	0.7046647
710000	0.661686
720000	0.5822607
730000	0.6025656
740000	0.6387957
750000	0.6654085
760000	0.5463382
770000	0.8433024
780000	0.5362285
790000	0.9160748
800000	0.7701577
810000	0.6200911
820000	0.8041589
830000	0.6361989
840000	0.636738
850000	0.7894161
860000	0.5789016
870000	0.656082
880000	0.808136
890000	0.6824452
900000	0.7282927
910000	0.7752111
920000	0.7450175
930000	0.6877012
940000	0.6457597
950000	0.5976796
960000	0.6408202
970000	0.6874794
980000	0.6455865
990000	0.667408
1000000	0.7090332
