50000	0.55066052
100000	0.62439894
150000	0.55791004
200000	0.63999664
250000	0.75525802
300000	0.72175726
350000	0.72787066
400000	0.74925402
450000	0.73139796
500000	0.70513712
550000	0.73826972
600000	0.72006534
650000	0.72946066
700000	0.74804512
750000	0.72620088
800000	0.7106047
850000	0.68733348
900000	0.53529762
950000	0.55181064
1000000	0.6956826
1050000	0.71809032
1100000	0.717579
1150000	0.74547998
1200000	0.7253062
1250000	0.57783236
1300000	0.72494696
1350000	0.73774862
1400000	0.73076344
1450000	0.71086764
1500000	0.4440996
1550000	0.4864304
1600000	0.47639148
1650000	0.57678676
1700000	0.75812816
1750000	0.56853842
1800000	0.4765232
1850000	0.61471998
1900000	0.49838916
1950000	0.47204642
2000000	0.47619634
2050000	0.47373606
2100000	0.51089202
2150000	0.69352356
2200000	0.73447328
2250000	0.63704282
2300000	0.5126196
2350000	0.44836804
2400000	0.46673978
2450000	0.47810672
2500000	0.5130349
2550000	0.72451638
2600000	0.52143118
2650000	0.48426192
2700000	0.57142856
2750000	0.72254504
2800000	0.46902338
2850000	0.4775477
2900000	0.49716274
2950000	0.43438496
3000000	0.5381959
3050000	0.47104026
3100000	0.50833048
3150000	0.55825958
3200000	0.57323066
3250000	0.47259166
3300000	0.56716644
3350000	0.54509032
3400000	0.5417035
3450000	0.51491072
3500000	0.5306882
3550000	0.57160602
3600000	0.55631136
3650000	0.56035606
3700000	0.55396232
3750000	0.4836638
3800000	0.52243076
3850000	0.49626386
3900000	0.48056
3950000	0.5183809
4000000	0.48819338
4050000	0.53166298
4100000	0.54113428
4150000	0.46157794
4200000	0.45104028
4250000	0.4647287
4300000	0.49719676
4350000	0.51634398
4400000	0.48035672
4450000	0.50719402
4500000	0.46846592
4550000	0.49181502
4600000	0.4688361
4650000	0.52194022
4700000	0.5084498
4750000	0.48441624
4800000	0.5410483
4850000	0.48277602
4900000	0.50490286
4950000	0.47335426
5000000	0.48610638
