50000	0.90593884
100000	0.81283166
150000	0.68890076
200000	0.71148552
250000	0.71882246
300000	0.68256196
350000	0.7105966
400000	0.74711026
450000	0.69686656
500000	0.70785128
550000	0.73214632
600000	0.60090468
650000	0.66449884
700000	0.80798508
750000	0.77835566
800000	0.69899578
850000	0.73659974
900000	0.78268868
950000	0.73903766
1000000	0.61190276
1050000	0.50299474
1100000	0.49903952
1150000	0.58221088
1200000	0.63237624
1250000	0.70770474
1300000	0.5618271
1350000	0.6762565
1400000	0.66796026
1450000	0.6170424
1500000	0.63943154
1550000	0.64590468
1600000	0.6344664
1650000	0.55307896
1700000	0.64381576
1750000	0.60878486
1800000	0.63204516
1850000	0.6418918
1900000	0.59805342
1950000	0.56466986
2000000	0.6113761
2050000	0.61721996
2100000	0.69096088
2150000	0.59656336
2200000	0.61905224
2250000	0.68569454
2300000	0.6570661
2350000	0.63238592
2400000	0.5767557
2450000	0.56157412
2500000	0.55485944
2550000	0.58112984
2600000	0.56331738
2650000	0.7030395
2700000	0.56966086
2750000	0.58292306
2800000	0.55423376
2850000	0.59781714
2900000	0.76422362
2950000	0.6063105
3000000	0.5731084
3050000	0.66764544
3100000	0.81771086
3150000	0.67141596
3200000	0.74010832
3250000	0.70407904
3300000	0.74619464
3350000	0.73395608
3400000	0.75732402
3450000	0.78955774
3500000	0.78825274
3550000	0.69180986
3600000	0.70607776
3650000	0.7025442
3700000	0.68341898
3750000	0.67321694
3800000	0.74248076
3850000	0.74558282
3900000	0.7278679
3950000	0.74339516
4000000	0.75942486
4050000	0.72448348
4100000	0.72569042
4150000	0.75209768
4200000	0.68458182
4250000	0.69353744
4300000	0.74611758
4350000	0.7233917
4400000	0.76648956
4450000	0.795617
4500000	0.75574292
4550000	0.7492422
4600000	0.79463868
4650000	0.82864008
4700000	0.7123656
4750000	0.75162692
4800000	0.79660064
4850000	0.7703495
4900000	0.79445818
4950000	0.90326236
5000000	0.72830156
